200:0,0,100,255,255,0,r,A|140,0,100,255,255,0,r,A|-70,-70,100,255,255,0,r,A|-70,70,100,255,255,0,r,A
200:1,-9,100,255,255,0,r,A|139,9,100,255,255,0,r,A|-79,-69,100,255,255,0,r,A|-61,69,100,255,255,0,r,A
200:2,-18,100,255,255,0,r,A|138,18,100,255,255,0,r,A|-88,-68,100,255,255,0,r,A|-52,68,100,255,255,0,r,A
200:5,-26,100,255,255,0,r,A|135,26,100,255,255,0,r,A|-96,-65,100,255,255,0,r,A|-44,65,100,255,255,0,r,A
200:9,-34,100,255,255,0,r,A|131,34,100,255,255,0,r,A|-104,-61,100,255,255,0,r,A|-36,61,100,255,255,0,r,A
200:14,-42,100,255,255,0,r,A|126,42,100,255,255,0,r,A|-112,-56,100,255,255,0,r,A|-28,56,100,255,255,0,r,A
200:20,-49,100,255,255,0,r,A|120,49,100,255,255,0,r,A|-119,-50,100,255,255,0,r,A|-21,50,100,255,255,0,r,A
200:26,-55,100,255,255,0,r,A|114,55,100,255,255,0,r,A|-125,-44,100,255,255,0,r,A|-15,44,100,255,255,0,r,A
200:34,-60,100,255,255,0,r,A|106,60,100,255,255,0,r,A|-130,-36,100,255,255,0,r,A|-10,36,100,255,255,0,r,A
200:42,-64,100,255,255,0,r,A|98,64,100,255,255,0,r,A|-134,-28,100,255,255,0,r,A|-6,28,100,255,255,0,r,A
200:50,-67,100,255,255,0,r,A|90,67,100,255,255,0,r,A|-137,-20,100,255,255,0,r,A|-3,20,100,255,255,0,r,A
200:59,-69,100,255,255,0,r,A|81,69,100,255,255,0,r,A|-139,-11,100,255,255,0,r,A|-1,11,100,255,255,0,r,A
200:68,-70,100,255,255,0,r,A|72,70,100,255,255,0,r,A|-140,-2,100,255,255,0,r,A|0,2,100,255,255,0,r,A
200:77,-70,100,255,255,0,r,A|63,70,100,255,255,0,r,A|-140,7,100,255,255,0,r,A|0,-7,100,255,255,0,r,A
200:86,-68,100,255,255,0,r,A|54,68,100,255,255,0,r,A|-138,16,100,255,255,0,r,A|-2,-16,100,255,255,0,r,A
200:94,-66,100,255,255,0,r,A|46,66,100,255,255,0,r,A|-136,24,100,255,255,0,r,A|-4,-24,100,255,255,0,r,A
200:102,-62,100,255,255,0,r,A|38,62,100,255,255,0,r,A|-132,32,100,255,255,0,r,A|-8,-32,100,255,255,0,r,A
200:110,-57,100,255,255,0,r,A|30,57,100,255,255,0,r,A|-127,40,100,255,255,0,r,A|-13,-40,100,255,255,0,r,A
200:117,-52,100,255,255,0,r,A|23,52,100,255,255,0,r,A|-122,47,100,255,255,0,r,A|-18,-47,100,255,255,0,r,A
200:123,-45,100,255,255,0,r,A|17,45,100,255,255,0,r,A|-115,53,100,255,255,0,r,A|-25,-53,100,255,255,0,r,A
200:129,-38,100,255,255,0,r,A|11,38,100,255,255,0,r,A|-108,59,100,255,255,0,r,A|-32,-59,100,255,255,0,r,A
200:133,-30,100,255,255,0,r,A|7,30,100,255,255,0,r,A|-100,63,100,255,255,0,r,A|-40,-63,100,255,255,0,r,A
200:136,-22,100,255,255,0,r,A|4,22,100,255,255,0,r,A|-92,66,100,255,255,0,r,A|-48,-66,100,255,255,0,r,A
200:139,-13,100,255,255,0,r,A|1,13,100,255,255,0,r,A|-83,69,100,255,255,0,r,A|-57,-69,100,255,255,0,r,A
200:140,-4,100,255,255,0,r,A|0,4,100,255,255,0,r,A|-74,70,100,255,255,0,r,A|-66,-70,100,255,255,0,r,A
200:140,4,100,255,255,0,r,A|0,-4,100,255,255,0,r,A|-66,70,100,255,255,0,r,A|-74,-70,100,255,255,0,r,A
200:139,13,100,255,255,0,r,A|1,-13,100,255,255,0,r,A|-57,69,100,255,255,0,r,A|-83,-69,100,255,255,0,r,A
200:136,22,100,255,255,0,r,A|4,-22,100,255,255,0,r,A|-48,66,100,255,255,0,r,A|-92,-66,100,255,255,0,r,A
200:133,30,100,255,255,0,r,A|7,-30,100,255,255,0,r,A|-40,63,100,255,255,0,r,A|-100,-63,100,255,255,0,r,A
200:129,38,100,255,255,0,r,A|11,-38,100,255,255,0,r,A|-32,59,100,255,255,0,r,A|-108,-59,100,255,255,0,r,A
200:123,45,100,255,255,0,r,A|17,-45,100,255,255,0,r,A|-25,53,100,255,255,0,r,A|-115,-53,100,255,255,0,r,A
200:117,52,100,255,255,0,r,A|23,-52,100,255,255,0,r,A|-18,47,100,255,255,0,r,A|-122,-47,100,255,255,0,r,A
200:110,57,100,255,255,0,r,A|30,-57,100,255,255,0,r,A|-13,40,100,255,255,0,r,A|-127,-40,100,255,255,0,r,A
200:102,62,100,255,255,0,r,A|38,-62,100,255,255,0,r,A|-8,32,100,255,255,0,r,A|-132,-32,100,255,255,0,r,A
200:94,66,100,255,255,0,r,A|46,-66,100,255,255,0,r,A|-4,24,100,255,255,0,r,A|-136,-24,100,255,255,0,r,A
200:86,68,100,255,255,0,r,A|54,-68,100,255,255,0,r,A|-2,16,100,255,255,0,r,A|-138,-16,100,255,255,0,r,A
200:77,70,100,255,255,0,r,A|63,-70,100,255,255,0,r,A|0,7,100,255,255,0,r,A|-140,-7,100,255,255,0,r,A
200:68,70,100,255,255,0,r,A|72,-70,100,255,255,0,r,A|0,-2,100,255,255,0,r,A|-140,2,100,255,255,0,r,A
200:59,69,100,255,255,0,r,A|81,-69,100,255,255,0,r,A|-1,-11,100,255,255,0,r,A|-139,11,100,255,255,0,r,A
200:50,67,100,255,255,0,r,A|90,-67,100,255,255,0,r,A|-3,-20,100,255,255,0,r,A|-137,20,100,255,255,0,r,A
200:42,64,100,255,255,0,r,A|98,-64,100,255,255,0,r,A|-6,-28,100,255,255,0,r,A|-134,28,100,255,255,0,r,A
200:34,60,100,255,255,0,r,A|106,-60,100,255,255,0,r,A|-10,-36,100,255,255,0,r,A|-130,36,100,255,255,0,r,A
200:26,55,100,255,255,0,r,A|114,-55,100,255,255,0,r,A|-15,-44,100,255,255,0,r,A|-125,44,100,255,255,0,r,A
200:20,49,100,255,255,0,r,A|120,-49,100,255,255,0,r,A|-21,-50,100,255,255,0,r,A|-119,50,100,255,255,0,r,A
200:14,42,100,255,255,0,r,A|126,-42,100,255,255,0,r,A|-28,-56,100,255,255,0,r,A|-112,56,100,255,255,0,r,A
200:9,34,100,255,255,0,r,A|131,-34,100,255,255,0,r,A|-36,-61,100,255,255,0,r,A|-104,61,100,255,255,0,r,A
200:5,26,100,255,255,0,r,A|135,-26,100,255,255,0,r,A|-44,-65,100,255,255,0,r,A|-96,65,100,255,255,0,r,A
200:2,18,100,255,255,0,r,A|138,-18,100,255,255,0,r,A|-52,-68,100,255,255,0,r,A|-88,68,100,255,255,0,r,A
200:1,9,100,255,255,0,r,A|139,-9,100,255,255,0,r,A|-61,-69,100,255,255,0,r,A|-79,69,100,255,255,0,r,A
200:0,0,100,255,255,0,r,A|140,0,100,255,255,0,r,A|-70,-70,100,255,255,0,r,A|-70,70,100,255,255,0,r,A
